name: annotation
channels:
  - conda-forge
  - bioconda
  - defaults
dependencies:
  - blast=2.6.0=boost1.64_2
  - diamond=0.8.36=hdbcaa40_3
  - emboss=6.6.0=h6debe1e_0
  - perl-archive-tar=2.32=pl526_0
  - perl-carp=1.38=pl526_2
  - perl-compress-raw-bzip2=2.084=pl526hfc679d8_0
  - perl-compress-raw-zlib=2.084=pl526h2d50403_0
  - perl-exporter=5.72=pl526_1
  - perl-exporter-tiny=1.002001=pl526_0
  - perl-extutils-makemaker=7.34=pl526_3
  - perl-io-compress=2.084=pl526hfc679d8_0
  - perl-io-zlib=1.10=pl526_2
  - perl-list-moreutils=0.428=pl526_1
  - perl-list-moreutils-xs=0.428=pl526_0
  - perl-pathtools=3.73=h470a237_2
  - perl-scalar-list-utils=1.45=pl526h470a237_3
  - perl-test-more=1.001002=pl526_1
  - perl-xsloader=0.24=pl526_0
  - prodigal=2.6.3=1
  - pyfaidx=0.5.5.2=py_0
  - rgi=4.2.2=py36ha92aebf_1
  - atomicwrites=1.3.0=py_0
  - attrs=19.1.0=py_0
  - biopython=1.73=py36h14c3975_0
  - blas=2.1=openblas
  - boost=1.64.0=py36_4
  - boost-cpp=1.64.0=1
  - bzip2=1.0.6=h14c3975_1002
  - ca-certificates=2019.3.9=hecc5488_0
  - certifi=2019.3.9=py36_0
  - cycler=0.10.0=py_1
  - expat=2.2.5=hf484d3e_1002
  - filetype=1.0.5=py_0
  - fontconfig=2.13.1=he4413a7_1000
  - freetype=2.10.0=he983fc9_0
  - gettext=0.19.8.1=hc5be6a0_1002
  - giflib=5.1.7=h516909a_1
  - glib=2.56.2=had28632_1001
  - gmp=6.1.2=hf484d3e_1000
  - gnutls=3.5.19=h2a4e5f8_1
  - icu=58.2=hf484d3e_1000
  - jpeg=9c=h14c3975_1001
  - kiwisolver=1.0.1=py36h6bb024c_1002
  - libblas=3.8.0=1_openblas
  - libcblas=3.8.0=1_openblas
  - libgcc=7.2.0=h69d50b8_2
  - libgd=2.2.5=h0d07dcb_1005
  - libgfortran-ng=7.2.0=hdf63c60_3
  - libiconv=1.15=h516909a_1005
  - liblapack=3.8.0=1_openblas
  - liblapacke=3.8.0=1_openblas
  - libpng=1.6.36=h84994c4_1000
  - libtiff=4.0.10=h648cc4a_1001
  - libuuid=2.32.1=h14c3975_1000
  - libwebp=1.0.2=h99fbfcb_2
  - libxcb=1.13=h14c3975_1002
  - libxml2=2.9.8=h143f9aa_1005
  - matplotlib=3.0.2=py36h8a2030e_1001
  - matplotlib-base=3.0.2=py36h167e16e_1001
  - mock=2.0.0=py36_1001
  - more-itertools=4.3.0=py36_1000
  - nettle=3.3=0
  - openblas=0.3.5=h9ac9557_1001
  - openssl=1.1.1b=h14c3975_1
  - pandas=0.24.2=py36hf484d3e_0
  - patsy=0.5.1=py_0
  - pbr=5.1.3=py_0
  - perl=5.26.2=h14c3975_1002
  - pip=19.0.3=py36_0
  - pluggy=0.9.0=py_0
  - pthread-stubs=0.4=h14c3975_1001
  - py=1.8.0=py_0
  - pyahocorasick=1.4.0=py36h14c3975_0
  - pyparsing=2.3.1=py_0
  - pyqt=5.6.0=py36h13b7fb3_1008
  - pytest=4.3.1=py36_0
  - python-dateutil=2.8.0=py_0
  - pytz=2018.9=py_0
  - scipy=1.2.1=py36h09a28d5_1
  - seaborn=0.9.0=py_0
  - setuptools=40.8.0=py36_0
  - sip=4.18.1=py36hf484d3e_1000
  - six=1.12.0=py36_1000
  - statsmodels=0.9.0=py36h3010b51_1000
  - tornado=6.0.2=py36h516909a_0
  - wheel=0.33.1=py36_0
  - xorg-libxau=1.0.9=h14c3975_0
  - xorg-libxdmcp=1.1.3=h516909a_0
  - dbus=1.13.2=h714fa37_1
  - gst-plugins-base=1.14.0=hbbd80ab_1
  - gstreamer=1.14.0=hb453b48_1
  - libboost=1.67.0=h46d08c1_4
  - libedit=3.1.20181209=hc058e9b_0
  - libffi=3.2.1=hd88cf55_4
  - libgcc-ng=8.2.0=hdf63c60_1
  - libopenblas=0.3.3=h5a2b251_3
  - libstdcxx-ng=8.2.0=hdf63c60_1
  - ncurses=6.1=he6710b0_1
  - numpy=1.16.2=py36h99e49ec_0
  - numpy-base=1.16.2=py36h2f8d375_0
  - pcre=8.43=he6710b0_0
  - py-boost=1.67.0=py36h04863e7_4
  - python=3.6.8=h0371630_0
  - qt=5.6.3=h8bf5577_3
  - readline=7.0=h7b6447c_5
  - sqlite=3.27.2=h7b6447c_0
  - tk=8.6.8=hbc83047_0
  - xz=5.2.4=h14c3975_4
  - zlib=1.2.11=h7b6447c_3
prefix: /projects/team3/func_annot/miniconda3/envs/annotation

